2.694179847102416980e-01,2.040738964692745405e-02,1.317182216529543259e+00,2.256226538507807300e-01,4.910302479640693551e-01,9.192987066810380803e-01,3.856211027501927902e-01,5.738522267944808908e-01,2.463235310932341271e-01,1.167470846682566510e+00,7.953979190552741274e-01,5.898086609277846115e-01
1.594406818648572699e-01,1.468237961965835225e+00,1.450402565674466349e+00,1.234960902743021949e+00,1.191916119621161840e+00,2.452424052205679494e-01,1.482266533058891556e+00,9.773102734808786218e-01,1.215689890110879912e+00,8.650429843459839230e-02,1.448233696441791896e-01,1.398402263628647058e+00
1.194601732264982008e+00,1.706911526839330895e-01,5.738471847292059280e-01,1.641645871601170592e-01,3.290941284443557047e-01,9.902457992896962491e-02,1.123190535668459500e+00,8.036855051881856005e-01,7.319790008790528768e-01,8.167047802401407042e-01,3.361665810759585371e-01,2.263145703425611943e-01
1.127876638452343983e+00,2.698747328223304320e-01,7.356618110551794709e-01,4.907459369938164118e-01,4.100124396500348656e-02,3.994109331755119063e-01,6.928737568839197225e-01,1.247648074802997442e+00,7.460352223850943432e-01,9.034661254383786755e-01,2.171866501564531093e-01,7.773986113833709632e-01
2.327233758267762687e-01,1.052358916782431209e+00,1.210786429952565246e+00,1.391335205946624631e+00,1.333086014706090783e-01,2.264049574844636536e-01,6.299733287250995906e-01,7.702963873295186614e-01,1.381903569964932021e+00,9.104476720282949076e-01,1.784886016260626151e-01,5.464092630664083572e-01
1.125877839785486056e+00,7.294610507141963129e-01,5.119874893543457928e-01,7.791850056317753959e-01,6.616792738686525510e-01,1.146418024938046898e+00,9.188170638880422958e-01,7.037229045746963285e-01,1.269108166883158084e+00,1.406707464040034772e+00,2.899219717743939384e-02,1.015474850316350430e+00
9.346087257357083011e-03,1.488465507943751653e+00,1.465363351165732464e+00,6.984486296138314732e-02,1.330494829118363809e+00,5.538782365866354862e-01,4.004038111851543347e-01,1.369749710209589688e+00,4.372392766112181972e-01,2.159741672826109848e-01,5.746868876648946189e-01,4.642567207708560018e-01
3.438960259452961132e-02,9.585677616922116950e-01,7.947136410582034127e-02,5.300830833002945219e-01,2.712076587777001446e-01,1.290729370272040821e+00,7.314168637297506770e-01,1.185840575858213342e+00,1.410324024581940172e+00,1.086276082503283780e+00,1.043561449924035323e+00,3.475079106869312096e-01
8.929624896022846370e-01,6.023584482958751485e-01,1.305756338868649724e+00,1.483025973743177239e+00,4.433450335429448552e-01,1.141973161543530235e-02,1.083439335538418646e+00,9.979256987733746698e-01,1.172874748647902754e+00,1.365795936963570822e+00,7.509191865389128751e-01,7.916287247377141734e-01
9.510217982605877474e-01,3.615251416094005243e-01,1.417384722036727940e+00,1.128106208486655770e+00,9.461838920827136956e-01,1.457128202451194454e-01,1.268267313212991798e+00,3.525142116978320361e-01,1.489832745964551064e+00,1.014556196688920497e-01,3.803814456747158790e-01,1.415731780279243512e+00
8.041208909253270143e-01,2.479832004288031744e-01,3.632573610311146117e-01,1.040264916592033462e+00,5.552205689252808218e-01,1.006631182243534539e+00,1.187284673779683164e+00,1.258576750989791604e-01,1.196075470353609838e+00,3.349246381604426004e-01,4.513070069167630649e-01,1.442807399084621300e+00
8.296900332819893142e-01,1.116363357109815491e+00,6.642409755616351941e-02,1.343871072193438376e+00,4.039258400882426159e-01,7.213167729781045923e-01,6.891872512470030854e-01,1.229767943379747042e+00,4.439149850832376787e-01,1.427905664226774896e+00,1.325896862487265571e+00,6.450547593012110337e-01
1.394623773121854704e-01,8.623258054419655760e-01,6.642122157569161356e-01,8.200035102125449171e-01,6.680300710787434593e-01,9.153063428550426428e-01,8.836272979983430531e-01,4.041693413597745588e-01,7.153921848015490914e-01,1.169110658327437768e+00,8.142379920076581179e-02,8.839836519589290287e-01
1.257293606752017734e+00,8.581429008239060963e-01,1.259394723880787215e+00,2.790847649526815299e-01,1.181117354984803303e+00,8.821953895981101690e-01,9.417792693145495830e-01,1.300376595151434111e+00,1.090309536613856878e+00,1.283383148349803715e+00,8.183355909271712303e-01,9.450978625519959042e-01
1.498820300731877886e+00,1.451655091706242739e+00,1.104226512118061887e+00,4.343954764142914371e-01,5.522800571731645292e-01,5.643616868369489836e-01,1.282692430987696364e-01,8.464057875658319574e-01,2.426671428754021420e-01,1.220576424271584637e+00,1.025626334640837189e+00,3.114245198680263282e-01
4.255465636964187448e-01,1.357802290942148105e+00,2.583974158309551017e-01,1.569830932666830270e-01,7.021991930007398519e-02,5.530990323347464432e-01,1.698955153665426820e-02,5.389817845547104636e-01,4.841939656993471397e-01,2.414449003853867959e-01,1.384527390206109265e+00,1.134378896790072755e+00
3.359912431353951900e-01,1.438619486994911600e+00,1.311804582716103340e+00,9.162341344860014392e-01,1.083857302675084622e+00,4.130741869441260095e-01,7.649120068638078918e-01,4.236152042553497088e-01,1.376925638026410104e+00,4.338102576907919561e-01,9.490587606719492753e-01,1.794215967824922542e-01
1.204949045944396335e+00,1.176299004898818445e+00,6.017971718587524776e-01,1.442925976193093485e-01,1.113092416447115651e-01,9.928291010974207298e-01,3.554476966529743764e-01,6.464277232065864798e-01,1.016240608352576125e+00,1.098871825383521905e+00,8.819288147896408026e-01,7.417353620730336994e-01
2.889425072660372074e-01,8.643082102010480883e-01,3.337117718041593406e-01,3.727201850615627921e-01,1.064334467275218632e-02,8.514772721416791201e-01,4.588733371972494313e-01,9.254081106521505617e-01,9.944144060146752340e-01,6.428539309258446410e-01,1.377032401546389728e+00,6.329366752480227731e-01
9.635804737092241723e-01,1.009795134905874470e+00,1.356335252423604087e+00,1.361705958628515845e+00,8.353110248704981311e-01,3.747147573857634306e-03,8.110477724447220371e-01,4.721971668280698919e-01,1.451120890860917889e+00,1.317591029353387233e+00,4.391596149891041634e-03,9.943629282637282962e-01
1.446498288638382146e+00,6.455719475578080013e-01,7.843041101447857377e-01,4.793130097845108573e-01,1.146399884770865407e+00,3.543844389368525638e-01,7.392449055711537431e-01,5.439815004428738554e-02,5.073416308337740377e-01,1.193610303405696405e+00,5.724623573363474272e-02,4.362602364610347339e-01
3.603642995577671648e-02,1.377835829582840343e+00,1.390762045745401743e+00,1.225133901865539832e+00,1.944457864049010665e-01,1.118763337483148490e+00,1.459056302990264564e+00,2.459634866840384460e-01,8.585586847644799402e-02,1.410043306627541959e+00,1.313197634837697692e+00,2.886766149560082706e-01
4.755939731353951982e-01,6.406452584004870277e-01,2.485278314178792636e-01,1.331806609764370819e+00,1.458566315937503299e+00,1.384399483557317900e+00,1.038672522965365941e-01,3.930550437374646933e-02,6.788476639957364833e-01,3.596335046445361394e-01,2.378857384175248058e-02,2.678632523536126353e-01
7.896212259808266243e-01,1.703861419009309319e-01,1.216369447935812032e+00,6.853772693745918687e-02,1.189515114778986637e+00,1.100736779521192421e+00,5.564196616785606064e-01,4.217755549683173122e-01,6.666934308486799354e-01,1.098395072672912143e+00,1.434883051723963465e+00,1.137282803774671613e+00
1.920578918100194765e-01,5.926177341338941806e-01,4.855186860942842242e-01,8.436042659845082170e-01,1.217252219852081208e+00,9.590381059646659878e-01,5.857482551922731373e-01,0.000000000000000000e+00,1.141510364448560688e+00,1.060983529192068620e+00,1.227788736434771266e+00,1.338869988188197357e+00
9.479837167606761650e-01,1.231769606041106302e+00,1.436786135690216515e+00,2.127033675271746416e-01,1.478028482773152463e+00,3.400076207177341048e-01,5.226784692961486956e-01,0.000000000000000000e+00,9.132801346486159044e-01,8.744649502870603941e-01,9.770902994863381874e-01,1.500000000000000000e+00
9.895251129548335856e-01,1.284770590645396782e+00,1.265998110507725816e+00,5.197001808374923648e-02,1.381199671344162994e+00,3.578462483380790982e-01,2.675493778543525103e-01,1.245948060343312402e+00,1.995991129353952287e-01,3.348320451738605597e-01,6.683441621188088710e-01,7.008939509064566753e-01
9.574665088012159764e-01,7.631638213553341987e-02,7.185106629750338536e-01,1.790127935155374495e-01,1.033564274447267284e+00,1.117090376478090619e+00,1.233279082151623074e+00,1.488350095829961806e+00,3.468387595158438086e-01,0.000000000000000000e+00,2.950807349424086068e-01,8.140452821170204301e-01
8.415782434879802709e-01,5.632150308052380483e-01,5.864150672086098082e-01,1.366960857837245635e+00,2.096266218379559954e-01,6.905545993662707271e-01,4.402270393881979604e-02,1.386243181246000766e+00,1.076899506469856327e+00,6.125573831363384514e-01,6.069945573992669985e-01,9.459889531729316348e-01
2.377852742670039932e-01,9.789276300376521522e-01,1.400579155684831489e+00,5.217085530640801910e-02,1.221721260628060746e+00,9.941174408778237215e-01,6.022674126353239066e-01,6.197579039373983800e-01,2.104383960840521262e-01,1.500000000000000000e+00,1.390147022423864565e+00,8.350895285133341783e-01
1.325613867296692727e-01,6.855205583813864800e-01,1.170333669701605128e+00,5.204306930504835060e-01,1.275217988928855295e+00,1.145635041883731553e+00,8.727737897071776718e-01,0.000000000000000000e+00,1.271413560128292097e+00,1.004772060625302776e+00,1.246323701201219158e+00,1.182039990155584253e+00
3.141957156469764034e-01,3.923050541712448935e-01,1.258773144108635167e+00,0.000000000000000000e+00,1.264095185782245778e+00,1.199280280383349773e+00,1.125801245704762366e+00,1.279125644562371766e+00,5.386448793563738263e-02,1.253048408497852817e+00,1.183065201678367373e+00,3.244296991593451640e-01
1.091053939401706252e+00,1.500000000000000000e+00,0.000000000000000000e+00,0.000000000000000000e+00,1.500000000000000000e+00,1.343508566086902833e+00,4.443269765512565805e-01,0.000000000000000000e+00,1.500000000000000000e+00,2.604986881612979532e-01,1.500000000000000000e+00,0.000000000000000000e+00
7.859324190578116376e-01,3.038068703068541598e-01,1.287770056662338680e+00,1.231425302847213160e-02,1.367275129542382395e+00,8.628201633122661862e-01,9.890108691413723729e-01,1.500000000000000000e+00,4.879021353634740432e-01,2.536261439980868060e-01,7.893773542504741725e-01,7.807287834368990820e-02
