1.218442702293395996e+01,4.165445327758789062e+00,4.436755657196044922e+00,3.692557811737060547e+00,4.012920379638671875e+00,3.865771293640136719e+00,4.098967790603637695e+00,4.445638418197631836e+00,4.704255580902099609e+00,5.039863109588623047e+00
8.990726232528686523e+00,4.292964458465576172e+00,4.470061779022216797e+00,3.882290601730346680e+00,4.015329122543334961e+00,3.731534481048583984e+00,4.498356580734252930e+00,5.359916210174560547e+00,5.600653886795043945e+00,6.121556758880615234e+00
8.989548444747924805e+00,4.172290325164794922e+00,3.923115253448486328e+00,3.578510522842407227e+00,8.000761032104492188e+00,4.751762628555297852e+00,4.595405340194702148e+00,5.451076269149780273e+00,4.660880804061889648e+00,4.497996568679809570e+00
9.621612787246704102e+00,3.596440553665161133e+00,4.113965272903442383e+00,3.841441392898559570e+00,4.112162351608276367e+00,3.684596776962280273e+00,4.092615604400634766e+00,4.492455005645751953e+00,4.624071359634399414e+00,4.385967254638671875e+00
9.315996170043945312e+00,3.714590549468994141e+00,3.409715652465820312e+00,3.476370811462402344e+00,3.982054948806762695e+00,4.192929744720458984e+00,4.220579385757446289e+00,4.179984807968139648e+00,4.314882993698120117e+00,3.817916870117187500e+00
9.149452686309814453e+00,3.718188524246215820e+00,3.963032960891723633e+00,4.055078744888305664e+00,4.609213113784790039e+00,4.466445207595825195e+00,4.037645101547241211e+00,4.206532955169677734e+00,4.488905906677246094e+00,4.393118381500244141e+00
1.559007763862609863e+01,4.057790756225585938e+00,3.943885326385498047e+00,3.836030960083007812e+00,3.928536891937255859e+00,4.314899682998657227e+00,4.488773345947265625e+00,4.308897495269775391e+00,4.540514707565307617e+00,4.481540679931640625e+00
1.008378601074218750e+01,3.910505056381225586e+00,3.967666864395141602e+00,3.849055051803588867e+00,4.157529354095458984e+00,4.068781852722167969e+00,3.928636312484741211e+00,4.213805913925170898e+00,4.903683662414550781e+00,4.719841003417968750e+00
9.023521423339843750e+00,3.876054286956787109e+00,4.330042600631713867e+00,3.980779886245727539e+00,3.857821702957153320e+00,3.840429067611694336e+00,3.796147584915161133e+00,4.037502527236938477e+00,4.139432191848754883e+00,4.544266462326049805e+00
9.025158882141113281e+00,4.075710773468017578e+00,4.837561607360839844e+00,3.133273124694824219e+00,3.509731054306030273e+00,3.261594057083129883e+00,3.636213779449462891e+00,7.714296579360961914e+00,5.333333253860473633e+00,4.977549791336059570e+00
