2.525211143493652344e+01,1.292175626754760742e+01,8.760959386825561523e+00,1.279741024971008301e+01,1.460587763786315918e+01,1.722832107543945312e+01,8.606341838836669922e+00,1.399045085906982422e+01,1.264756393432617188e+01,1.559341359138488770e+01
3.326352739334106445e+01,1.597548151016235352e+01,1.385033416748046875e+01,1.493651962280273438e+01,1.386164665222167969e+01,1.286174964904785156e+01,1.460001087188720703e+01,1.522896671295166016e+01,1.770848608016967773e+01,1.727219390869140625e+01
2.904470634460449219e+01,1.442343187332153320e+01,1.016149616241455078e+01,1.191817426681518555e+01,1.081040334701538086e+01,9.532675504684448242e+00,1.407909345626831055e+01,1.510667371749877930e+01,1.493021678924560547e+01,1.217728042602539062e+01
3.116378879547119141e+01,1.295557236671447754e+01,1.059772706031799316e+01,9.036225080490112305e+00,1.438893985748291016e+01,1.131391763687133789e+01,1.129801011085510254e+01,1.283631157875061035e+01,1.051384282112121582e+01,1.231311297416687012e+01
2.084606337547302246e+01,1.060414385795593262e+01,1.098374462127685547e+01,1.347996616363525391e+01,1.026367354393005371e+01,1.002261614799499512e+01,1.076462078094482422e+01,8.227454185485839844e+00,9.036230087280273438e+00,1.374117064476013184e+01
2.645457792282104492e+01,9.478482007980346680e+00,1.025529599189758301e+01,1.628667163848876953e+01,1.081992459297180176e+01,1.230699872970581055e+01,9.470998287200927734e+00,7.222679853439331055e+00,1.606184005737304688e+01,1.239365601539611816e+01
2.693370389938354492e+01,1.050306892395019531e+01,1.228929853439331055e+01,8.934032440185546875e+00,1.236167669296264648e+01,1.105792331695556641e+01,9.176308393478393555e+00,1.048292016983032227e+01,1.241510725021362305e+01,1.167308807373046875e+01
2.945377445220947266e+01,8.644158363342285156e+00,1.465132260322570801e+01,9.586430549621582031e+00,1.111864376068115234e+01,1.038910865783691406e+01,9.577745437622070312e+00,9.165291786193847656e+00,1.398880195617675781e+01,1.214374446868896484e+01
2.013267421722412109e+01,1.262302732467651367e+01,1.129612469673156738e+01,1.439956712722778320e+01,1.511384892463684082e+01,1.424597358703613281e+01,1.141218662261962891e+01,1.443025493621826172e+01,1.654308700561523438e+01,1.556596326828002930e+01
2.951747179031372070e+01,1.287832570075988770e+01,1.361569142341613770e+01,1.062797427177429199e+01,1.065328764915466309e+01,1.085861802101135254e+01,1.608933997154235840e+01,1.614472913742065430e+01,1.383871889114379883e+01,1.512615680694580078e+01
