9.239336206226731463e-01,7.251464213857055086e-01,7.251464213857055086e-01,7.238245527008828617e-01,7.238245527008828617e-01,4.350845699475369699e-01,1.979585624807187472e-01,1.504993017526095045e-01,1.280432581149444360e-01,1.162653444023806770e-01,9.557459781791877163e-02,7.833559593883254735e-02,6.211412511646319246e-02
6.657956217804654742e-01,6.241914309465572686e-01,6.241914309465572686e-01,6.241914309465572686e-01,4.802221766083940580e-01,3.665714111824627253e-01,2.479437395971153535e-01,2.311836210964335336e-01,2.135857263619715951e-01,2.086551572334292004e-01,1.029853000726230761e-01,8.557039660871001985e-02,7.616811114577615172e-02
5.807206901879169436e-01,3.963451520644500903e-01,2.734286122623927895e-01,2.734286122623927895e-01,2.734286122623927895e-01,2.260508079597478570e-01,2.138418860699005108e-01,1.794661460506148387e-01,1.794661460506148387e-01,1.707876132179872997e-01,8.955679915443859329e-02,7.721431795150479616e-02,6.559704473970207061e-02
1.189769839203672408e+00,1.189769839203672408e+00,1.189769839203672408e+00,7.412506502798015262e-01,6.990811112356767332e-01,6.595292771000806908e-01,6.481119864470938907e-01,6.196430099272949299e-01,6.196430099272949299e-01,6.192233443623265110e-01,4.452189931552688051e-01,2.702528753333872658e-01,1.472766734800421418e-01
5.831032550929222680e-01,4.342357502069047470e-01,4.342357502069047470e-01,2.823020706933165869e-01,2.823020706933165869e-01,2.158341457809260788e-01,1.849127262487124668e-01,1.286287509789927341e-01,9.490477365476301941e-02,8.903474122557497594e-02,8.128237238894975292e-02,6.170966738091809844e-02,5.287243169157118672e-02
5.955422749976841956e-01,5.770315065603592863e-01,5.770315065603592863e-01,5.770315065603592863e-01,5.770315065603592863e-01,2.821932892805287807e-01,2.821932892805287807e-01,2.708861883792677006e-01,2.354976525547822774e-01,1.570154223675874761e-01,1.424909842152661810e-01,1.024664395586150079e-01,6.838819794933659324e-02
8.608438336864869811e-01,8.608438336864869811e-01,4.653811571446366813e-01,4.653811571446366813e-01,3.890991098376055390e-01,3.526612080541262628e-01,2.076865707946096151e-01,1.611939200760454938e-01,1.103271342548852729e-01,1.019043048203842616e-01,8.648578481850144328e-02,7.169089258482497229e-02,6.107195373762941415e-02
9.349880661811758031e-01,9.349880661811758031e-01,4.993806320276261701e-01,2.677368203810521763e-01,2.677368203810521763e-01,2.383397123145485352e-01,1.595768883588792875e-01,1.287566157963651037e-01,9.783785192096328132e-02,7.789406936514087221e-02,6.720435014203030022e-02,5.884039967541276894e-02,5.003723655626490796e-02
4.436114606750276579e-01,3.801583598820084120e-01,2.509567826161118731e-01,2.509567826161118731e-01,2.509567826161118731e-01,2.059016113838838535e-01,1.842131685791450479e-01,1.210334289478947056e-01,9.305981180410682896e-02,8.475531782370104850e-02,7.867247472785710016e-02,7.140756031906292378e-02,5.156864318288523208e-02
1.100922638579563184e+00,7.356359308811661890e-01,7.356359308811661890e-01,6.651143571343922645e-01,5.115868956256894862e-01,3.866024649368204891e-01,2.473273862342866281e-01,2.473273862342866281e-01,1.516569373827945100e-01,1.275311795398934578e-01,1.015744550343367081e-01,8.695049758115924732e-02,6.804411236429697141e-02
