6.699107551574707031e+01,6.705043435096740723e+01,5.314241957664489746e+01,5.590971851348876953e+01,5.448746800422668457e+01,9.035450148582458496e+01,7.107383990287780762e+01,8.834536623954772949e+01,7.282895660400390625e+01,8.062944817543029785e+01
3.442751288414001465e+01,2.320587825775146484e+01,6.381320786476135254e+01,5.647010445594787598e+01,5.453537273406982422e+01,5.861140894889831543e+01,6.874595022201538086e+01,7.339544296264648438e+01,9.834187579154968262e+01,7.723060894012451172e+01
8.264918351173400879e+01,7.521472167968750000e+01,5.396596169471740723e+01,5.655017161369323730e+01,6.857189846038818359e+01,7.798870015144348145e+01,7.305102896690368652e+01,6.033839988708496094e+01,8.395133972167968750e+01,8.033353710174560547e+01
7.693241834640502930e+01,4.011902284622192383e+01,5.286864447593688965e+01,5.449581122398376465e+01,7.133574557304382324e+01,8.005961823463439941e+01,6.835238552093505859e+01,6.286242556571960449e+01,6.592860507965087891e+01,7.100314068794250488e+01
8.585988450050354004e+01,5.078464269638061523e+01,4.971615958213806152e+01,6.748917746543884277e+01,8.918753552436828613e+01,1.062506721019744873e+02,8.650269603729248047e+01,1.174634521007537842e+02,8.412769842147827148e+01,8.500674462318420410e+01
7.751018404960632324e+01,6.638614892959594727e+01,4.853270483016967773e+01,5.228257393836975098e+01,6.476549410820007324e+01,7.696854257583618164e+01,5.156322336196899414e+01,8.891037321090698242e+01,7.645473456382751465e+01,6.345248246192932129e+01
3.278868699073791504e+01,5.950730586051940918e+01,4.512235045433044434e+01,5.178125953674316406e+01,7.382191705703735352e+01,5.930184221267700195e+01,6.190451359748840332e+01,6.588764739036560059e+01,6.026319503784179688e+01,7.057606577873229980e+01
6.830171871185302734e+01,4.730931258201599121e+01,7.042314314842224121e+01,7.060087537765502930e+01,4.535892653465270996e+01,7.605237317085266113e+01,7.991187381744384766e+01,1.044584622383117676e+02,8.766130733489990234e+01,7.952392339706420898e+01
4.233613491058349609e+01,5.188987398147583008e+01,5.882742524147033691e+01,1.675657606124877930e+01,1.086198663711547852e+01,8.016393899917602539e+01,8.171084547042846680e+01,6.871171236038208008e+01,6.837793588638305664e+01,7.353839921951293945e+01
8.320398449897766113e+01,7.219617652893066406e+01,4.793377542495727539e+01,7.898690271377563477e+01,7.401645469665527344e+01,6.774316287040710449e+01,6.662327027320861816e+01,7.155961441993713379e+01,6.678647637367248535e+01,6.763985848426818848e+01
