4.853093862533569336e+00,5.092197179794311523e+00,6.181301593780517578e+00
5.077516317367553711e+00,5.397120952606201172e+00,6.991205930709838867e+00
3.461758375167846680e+00,4.244532346725463867e+00,6.101132869720458984e+00
5.911000967025756836e+00,5.055391073226928711e+00,7.873002290725708008e+00
3.845303773880004883e+00,4.643886804580688477e+00,4.963307380676269531e+00
3.116585731506347656e+00,4.890621423721313477e+00,4.336595535278320312e+00
4.029671192169189453e+00,4.827679157257080078e+00,6.330783128738403320e+00
3.052227020263671875e+00,4.140135288238525391e+00,4.492923021316528320e+00
3.136189699172973633e+00,5.400624036788940430e+00,7.006931304931640625e+00
4.032268285751342773e+00,4.525677680969238281e+00,5.442577838897705078e+00
