4.687208962440490723e+01,2.268893885612487793e+01,2.163243389129638672e+01,2.765037608146667480e+01,2.748507356643676758e+01,2.075950193405151367e+01,2.925665283203125000e+01,2.455011343955993652e+01,2.618986535072326660e+01,3.429908752441406250e+01
3.206141090393066406e+01,2.765983462333679199e+01,3.074464297294616699e+01,2.573528385162353516e+01,3.306771469116210938e+01,2.218876147270202637e+01,3.061941719055175781e+01,4.317720389366149902e+01,2.864384150505065918e+01,3.185862946510314941e+01
3.063998198509216309e+01,1.952545309066772461e+01,2.489864635467529297e+01,2.320723032951354980e+01,1.933442068099975586e+01,2.609591507911682129e+01,3.071683573722839355e+01,2.556234526634216309e+01,2.724195432662963867e+01,2.709539604187011719e+01
3.673282933235168457e+01,2.975585579872131348e+01,2.160770606994628906e+01,2.232614922523498535e+01,2.249176216125488281e+01,2.894260692596435547e+01,2.869570851325988770e+01,3.341756772994995117e+01,3.745084881782531738e+01,2.686884307861328125e+01
4.820110177993774414e+01,2.484756493568420410e+01,1.739645123481750488e+01,2.697003269195556641e+01,3.400455021858215332e+01,2.453173208236694336e+01,3.237403059005737305e+01,3.003288292884826660e+01,3.045022463798522949e+01,3.534028363227844238e+01
4.242858719825744629e+01,2.891940808296203613e+01,2.753258848190307617e+01,3.107840728759765625e+01,2.605656909942626953e+01,2.884354877471923828e+01,2.211231184005737305e+01,3.152179408073425293e+01,3.441569948196411133e+01,3.357962751388549805e+01
3.648390007019042969e+01,2.865240550041198730e+01,2.534826278686523438e+01,3.181408023834228516e+01,3.285549855232238770e+01,3.920185446739196777e+01,3.550578474998474121e+01,3.471865963935852051e+01,3.196080946922302246e+01,4.425951218605041504e+01
5.065118002891540527e+01,3.191711878776550293e+01,2.879981184005737305e+01,2.970078158378601074e+01,2.537587785720825195e+01,3.829475450515747070e+01,4.395721364021301270e+01,3.889442729949951172e+01,3.538149738311767578e+01,3.954351019859313965e+01
2.302291679382324219e+01,2.467512392997741699e+01,2.320713424682617188e+01,2.662419056892395020e+01,2.291949987411499023e+01,2.422366094589233398e+01,3.049101400375366211e+01,2.988674521446228027e+01,3.374343395233154297e+01,3.061077952384948730e+01
3.003161573410034180e+01,1.261303901672363281e+01,2.153614878654479980e+01,1.865119528770446777e+01,2.840574240684509277e+01,3.806784534454345703e+01,2.775000429153442383e+01,2.725956130027770996e+01,2.777890777587890625e+01,3.080856084823608398e+01
