3.053540968894958496e+01,3.733227801322937012e+01,4.666583204269409180e+01,5.186866092681884766e+01,5.796499752998352051e+01,4.786560583114624023e+01,5.211422681808471680e+01,6.747368979454040527e+01,5.102222442626953125e+01,5.196760058403015137e+01
4.833388614654541016e+01,4.536667919158935547e+01,4.268428134918212891e+01,2.464312839508056641e+01,9.044047117233276367e+00,6.754808688163757324e+01,6.253056478500366211e+01,5.938454341888427734e+01,5.701579809188842773e+01,7.251019263267517090e+01
3.479417729377746582e+01,4.177652454376220703e+01,3.584318876266479492e+01,4.333840489387512207e+01,4.059898900985717773e+01,3.667367076873779297e+01,7.176523733139038086e+01,4.549756646156311035e+01,4.572376060485839844e+01,3.812505412101745605e+01
5.630874586105346680e+01,4.322727012634277344e+01,3.620279598236083984e+01,1.669985198974609375e+01,3.958520960807800293e+01,4.897651290893554688e+01,2.559850502014160156e+01,6.623865413665771484e+01,7.169963359832763672e+01,4.463447332382202148e+01
5.882602047920227051e+01,4.347674369812011719e+01,3.499879264831542969e+01,4.053823161125183105e+01,4.052507781982421875e+01,5.562435078620910645e+01,4.552006411552429199e+01,5.381514382362365723e+01,5.721791720390319824e+01,4.974740386009216309e+01
4.382823777198791504e+01,4.567147088050842285e+01,4.054014873504638672e+01,4.272922325134277344e+01,4.607291603088378906e+01,5.285906147956848145e+01,5.923909091949462891e+01,5.516342711448669434e+01,5.132484626770019531e+01,5.285425782203674316e+01
2.494788479804992676e+01,3.672123384475708008e+01,4.806182122230529785e+01,6.539663505554199219e+01,7.491030764579772949e+01,4.514275169372558594e+01,8.198573613166809082e+01,4.713461160659790039e+01,3.840377640724182129e+01,4.788582015037536621e+01
4.629472231864929199e+01,4.144220638275146484e+01,3.018894147872924805e+01,4.953734016418457031e+01,3.984273886680603027e+01,5.713737273216247559e+01,4.196532559394836426e+01,5.918695211410522461e+01,5.248131084442138672e+01,4.745471453666687012e+01
2.711604881286621094e+01,3.945326972007751465e+01,3.862749838829040527e+01,4.683716678619384766e+01,6.262545251846313477e+01,6.053356385231018066e+01,4.134593081474304199e+01,4.244853925704956055e+01,5.737898921966552734e+01,4.692702865600585938e+01
3.420246672630310059e+01,2.953178858757019043e+01,3.257258033752441406e+01,5.563160014152526855e+01,6.147909188270568848e+01,4.275634765625000000e+01,5.402531337738037109e+01,5.713740062713623047e+01,4.308852791786193848e+01,5.490162634849548340e+01
