5.638058423995971680e+00,1.005120205879211426e+01,8.658133745193481445e+00,1.646306252479553223e+01,1.351993680000305176e+01,2.190833830833435059e+01,1.938896656036376953e+01
9.650799989700317383e+00,8.090492248535156250e+00,7.512865304946899414e+00,9.683191061019897461e+00,1.364587426185607910e+01,1.886055397987365723e+01,1.393129682540893555e+01
7.483107089996337891e+00,7.927027225494384766e+00,1.115357589721679688e+01,1.840810823440551758e+01,1.756435084342956543e+01,2.997119188308715820e+01,2.374362826347351074e+01
1.724312067031860352e+00,2.675702023506164551e+01,1.040423107147216797e+01,1.386657333374023438e+01,1.869666481018066406e+01,2.148083472251892090e+01,1.893584322929382324e+01
1.709981441497802734e+00,2.781571745872497559e+01,1.413260388374328613e+01,1.098469328880310059e+01,1.876909828186035156e+01,2.636628270149230957e+01,2.595139336585998535e+01
1.204676008224487305e+01,1.190165162086486816e+01,1.249626612663269043e+01,2.503485584259033203e+01,2.543077039718627930e+01,2.082718467712402344e+01,1.953001427650451660e+01
1.865447282791137695e+00,2.043035769462585449e+01,1.632759547233581543e+01,1.503855490684509277e+01,1.394029593467712402e+01,1.887310719490051270e+01,2.151616406440734863e+01
7.710583925247192383e+00,9.617696285247802734e+00,1.040260720252990723e+01,1.367475438117980957e+01,1.931985902786254883e+01,1.782629275321960449e+01,2.253934741020202637e+01
6.489957332611083984e+00,6.346561193466186523e+00,8.572720289230346680e+00,1.896152901649475098e+01,2.152819585800170898e+01,2.537340569496154785e+01,1.937109756469726562e+01
1.543938541412353516e+01,6.681627750396728516e+00,9.006794452667236328e+00,1.356104993820190430e+01,1.573720884323120117e+01,2.132463526725769043e+01,2.747913241386413574e+01
