1.938746905326843262e+01,1.090736413002014160e+01,1.190698719024658203e+01,1.252592706680297852e+01,1.463126277923583984e+01,1.986458873748779297e+01,2.016735053062438965e+01,2.327283930778503418e+01,2.307686185836791992e+01,2.638780760765075684e+01
1.719999837875366211e+01,1.031328654289245605e+01,1.407097864151000977e+01,1.461025190353393555e+01,1.473445081710815430e+01,2.054287743568420410e+01,2.109223914146423340e+01,2.596792578697204590e+01,3.138282561302185059e+01,3.272636795043945312e+01
1.741429591178894043e+01,1.236845922470092773e+01,1.860458159446716309e+01,1.496924328804016113e+01,1.893984031677246094e+01,1.929818773269653320e+01,2.188835620880126953e+01,1.975746989250183105e+01,2.124196004867553711e+01,2.495537137985229492e+01
1.893968725204467773e+01,1.210741806030273438e+01,1.283685564994812012e+01,1.592749476432800293e+01,1.621941757202148438e+01,1.829716396331787109e+01,1.944220471382141113e+01,2.185293889045715332e+01,2.429842853546142578e+01,2.847964143753051758e+01
1.788113617897033691e+01,1.101908850669860840e+01,1.599374794960021973e+01,1.556627249717712402e+01,1.273549890518188477e+01,1.192650675773620605e+01,1.983191418647766113e+01,1.729696536064147949e+01,1.821826648712158203e+01,2.383297824859619141e+01
1.894341588020324707e+01,1.034757328033447266e+01,1.172369933128356934e+01,1.266081452369689941e+01,1.657318472862243652e+01,1.978350138664245605e+01,2.225105333328247070e+01,2.377434921264648438e+01,2.431104874610900879e+01,2.496438169479370117e+01
1.860505104064941406e+01,1.106882596015930176e+01,2.115518116950988770e+01,1.834610462188720703e+01,1.565118646621704102e+01,1.964459514617919922e+01,2.299762082099914551e+01,2.374653029441833496e+01,2.217893314361572266e+01,2.679693460464477539e+01
1.701882076263427734e+01,1.228907084465026855e+01,1.314210724830627441e+01,1.064758110046386719e+01,1.847060585021972656e+01,1.999310040473937988e+01,2.200002384185791016e+01,2.536010479927062988e+01,2.812247276306152344e+01,3.231595563888549805e+01
1.955810284614562988e+01,1.157678055763244629e+01,1.220010399818420410e+01,1.725072360038757324e+01,1.880369257926940918e+01,1.922217440605163574e+01,2.025072526931762695e+01,2.500123214721679688e+01,2.618138456344604492e+01,2.967458558082580566e+01
1.817104434967041016e+01,1.213013601303100586e+01,1.134841489791870117e+01,1.460706210136413574e+01,1.725122070312500000e+01,2.076705265045166016e+01,2.098943066596984863e+01,2.092125034332275391e+01,2.286752152442932129e+01,2.716562366485595703e+01
