1.500396847724914551e+01,2.687553572654724121e+01,1.992938876152038574e+01,3.259610033035278320e+01,1.214200353622436523e+01,1.372443723678588867e+01,1.861074328422546387e+01,1.885755610466003418e+01,2.113039398193359375e+01,1.657546472549438477e+01
2.050566124916076660e+01,1.161780238151550293e+01,8.772767782211303711e+00,2.184732151031494141e+01,2.284586620330810547e+01,1.383372640609741211e+01,1.424126887321472168e+01,2.463828897476196289e+01,1.058437943458557129e+01,1.142487883567810059e+01
8.202065229415893555e+00,8.220719337463378906e+00,8.904160499572753906e+00,1.322625541687011719e+01,1.641839623451232910e+01,2.242489957809448242e+01,2.223825383186340332e+01,1.969367170333862305e+01,2.129516768455505371e+01,2.580978894233703613e+01
9.459082603454589844e+00,7.359877347946166992e+00,1.795906639099121094e+01,2.277651143074035645e+01,2.042608094215393066e+01,2.036112356185913086e+01,1.245346403121948242e+01,7.535906553268432617e+00,1.297436571121215820e+01,4.950531005859375000e+00
2.100406479835510254e+01,9.908347606658935547e+00,1.387811350822448730e+01,2.718729281425476074e+01,1.783920121192932129e+01,3.200589132308959961e+01,2.411372876167297363e+01,5.288984704017639160e+01,2.821176409721374512e+01,1.987281036376953125e+01
2.195484662055969238e+01,1.423864340782165527e+01,2.298078250885009766e+01,1.198794841766357422e+01,2.432570838928222656e+01,2.161696171760559082e+01,9.606011390686035156e+00,1.879832005500793457e+01,1.545798349380493164e+01,1.106550860404968262e+01
1.346860432624816895e+01,1.484556579589843750e+01,1.224474620819091797e+01,1.786968970298767090e+01,1.148407888412475586e+01,2.391562771797180176e+01,1.241719961166381836e+01,8.913229703903198242e+00,2.182760596275329590e+01,1.158213400840759277e+01
5.535113811492919922e+00,8.859817504882812500e+00,1.407041025161743164e+01,1.404081106185913086e+01,1.764518046379089355e+01,3.379419922828674316e+01,1.242834162712097168e+01,1.114867019653320312e+01,1.620343112945556641e+01,1.094315361976623535e+01
4.980884552001953125e+00,1.252445864677429199e+01,1.550464510917663574e+01,2.921178102493286133e+01,2.439691376686096191e+01,2.049340200424194336e+01,1.778447413444519043e+01,1.107751297950744629e+01,2.301178550720214844e+01,2.502038669586181641e+01
3.454589462280273438e+01,1.342487454414367676e+01,1.416767454147338867e+01,7.707933187484741211e+00,1.655870151519775391e+01,1.549849748611450195e+01,1.475609230995178223e+01,2.525182747840881348e+01,1.572939896583557129e+01,1.300075888633728027e+01
