3.508630752563476562e+00,8.088367700576782227e+00,1.088310551643371582e+01,1.386617064476013184e+01,1.781729865074157715e+01,2.472169709205627441e+01,1.880987095832824707e+01,1.714054918289184570e+01,1.316906929016113281e+01,1.903783583641052246e+01
9.161184787750244141e+00,8.629750490188598633e+00,1.057036900520324707e+01,1.457536745071411133e+01,1.831916046142578125e+01,1.650004816055297852e+01,1.554413700103759766e+01,2.177003574371337891e+01,2.009863233566284180e+01,1.979259753227233887e+01
1.039377498626708984e+01,8.756274461746215820e+00,9.139129400253295898e+00,1.258669090270996094e+01,1.750478744506835938e+01,2.175348925590515137e+01,2.355260944366455078e+01,2.220099806785583496e+01,2.722671270370483398e+01,3.039515852928161621e+01
4.323518514633178711e+00,5.855576038360595703e+00,1.525532722473144531e+01,1.532147526741027832e+01,2.008227324485778809e+01,2.298070073127746582e+01,2.214290475845336914e+01,2.447197556495666504e+01,1.867405939102172852e+01,3.170564174652099609e+01
1.221683096885681152e+01,7.194262027740478516e+00,1.009586930274963379e+01,1.401978230476379395e+01,1.668126416206359863e+01,2.162378978729248047e+01,2.148800897598266602e+01,2.165716505050659180e+01,2.130469632148742676e+01,1.587098121643066406e+01
3.166622400283813477e+00,8.591494083404541016e+00,7.758060216903686523e+00,1.403727126121520996e+01,1.495699524879455566e+01,1.783954739570617676e+01,1.598673105239868164e+01,1.478739285469055176e+01,1.782333827018737793e+01,2.034477210044860840e+01
2.048260211944580078e+00,5.711012601852416992e+00,1.245476555824279785e+01,1.537311244010925293e+01,1.603788614273071289e+01,1.739583826065063477e+01,1.801591444015502930e+01,2.697592258453369141e+01,2.309793090820312500e+01,1.804503297805786133e+01
9.469694852828979492e+00,8.756797313690185547e+00,1.145582604408264160e+01,1.218998432159423828e+01,1.706064987182617188e+01,1.889391684532165527e+01,2.592124748229980469e+01,1.854203653335571289e+01,2.228318119049072266e+01,1.838873147964477539e+01
7.818117141723632812e+00,7.415899276733398438e+00,8.919065237045288086e+00,1.110827565193176270e+01,1.442434716224670410e+01,1.729396581649780273e+01,1.810850954055786133e+01,3.509155941009521484e+01,2.468745422363281250e+01,2.043875527381896973e+01
5.088569641113281250e+00,7.312638759613037109e+00,1.187258124351501465e+01,1.278794169425964355e+01,2.042172360420227051e+01,2.131939411163330078e+01,2.133529901504516602e+01,1.606563544273376465e+01,2.630200505256652832e+01,2.116664600372314453e+01
