3.270464994539713288e+00,3.219215412492349770e+00,3.048077521437718929e+00,1.045119946945561651e+00,8.174862224152850132e-01,8.174862224152850132e-01,8.174862224152850132e-01,8.021150503534180132e-01,8.021150503534180132e-01,7.641938821675964277e-01,7.641938821675964277e-01,7.641938821675964277e-01,7.641938821675964277e-01,7.641938821675964277e-01,7.641938821675964277e-01,7.583871042797465378e-01,7.583871042797465378e-01,7.583871042797465378e-01,5.890723708527438873e-01,5.890723708527438873e-01,5.874838084975717578e-01
5.210566158213969956e+00,5.210566158213969956e+00,1.131679180717595656e+00,1.131679180717595656e+00,1.131679180717595656e+00,1.131679169646242045e+00,1.131679169646242045e+00,1.131679169646242045e+00,1.131679169646242045e+00,1.131679169646242045e+00,7.212630873497776207e-01,7.212630873497776207e-01,7.212630873497776207e-01,7.212630873497776207e-01,6.304234619848205767e-01,6.304234619848205767e-01,5.027867527533924630e-01,4.881037737666584775e-01,4.654907253701683345e-01,4.654907253701683345e-01,4.654907253701683345e-01
5.043224857118282500e+00,7.244145104488364240e-01,5.476728309273362072e-01,5.476728309273362072e-01,5.476728309273362072e-01,4.970068271078087463e-01,4.970068271078105226e-01,4.970068271078105226e-01,4.970068271078105226e-01,4.488503458538044555e-01,4.488503458538044555e-01,4.488503458538044555e-01,4.488503458538044555e-01,4.419592399009726336e-01,4.377648631824122560e-01,4.377648631824122560e-01,4.377648631824122560e-01,4.377648631824122560e-01,4.377648631824122560e-01,4.377648631824122560e-01,4.377648631824122560e-01
2.513603190206762150e+00,1.729291812386190230e+00,1.708945414824023956e+00,7.113684650745124571e-01,7.113684650745124571e-01,6.636352950129538186e-01,6.386817370388779835e-01,6.386817370388779835e-01,3.799927126454587523e-01,3.799927126454587523e-01,3.799927126454587523e-01,3.511410623119797236e-01,3.511410623119797236e-01,3.511410623119797236e-01,3.339920435347618621e-01,3.339920435347618621e-01,3.328554438561823758e-01,3.328554438561823758e-01,3.328554438561823758e-01,3.328554438561823758e-01,3.328554438561823758e-01
9.932702418954933776e+00,8.599321906882455124e+00,8.599321906882455124e+00,7.931217573535743526e+00,9.371116706068605140e-01,6.047117234157237675e-01,4.788165736651954774e-01,3.587904361102989270e-01,2.679313438035393347e-01,2.679313438035393347e-01,2.679313438035375583e-01,2.679313438035375583e-01,2.679313438035375583e-01,2.679313438035375583e-01,2.679313438035375583e-01,2.679313438035375583e-01,2.679313438035375583e-01,2.679313438035375583e-01,2.679313438035375583e-01,2.679313438035375583e-01,2.679313438035375583e-01
3.775126350803324371e+00,7.650790392000654805e-01,7.624591647629976876e-01,6.763565668752313798e-01,6.763565668752313798e-01,6.763565668752313798e-01,6.763565668752313798e-01,6.763565668752313798e-01,6.425195284062912293e-01,6.425195284062912293e-01,6.425195284062912293e-01,6.425195284062912293e-01,6.425195284062912293e-01,6.425195284062912293e-01,6.425195284062912293e-01,6.425195284062912293e-01,6.425195284062912293e-01,6.425195284062912293e-01,5.904558034607472194e-01,5.904558034607472194e-01,5.904558034607472194e-01
3.417070714545575427e+00,3.367044522990182642e+00,7.484906221645459823e-01,7.484906221645459823e-01,7.226037238506055616e-01,6.479416876133079484e-01,5.867535882636740752e-01,2.839911136407433645e-01,2.001241687643293687e-01,2.001241687643293687e-01,2.001241687643293687e-01,2.001241687643293687e-01,2.001241687643293687e-01,2.001241687643293687e-01,2.001241687643293687e-01,2.001241687643293687e-01,2.001241687643293687e-01,1.750095558128847983e-01,1.750095558128847983e-01,1.750095558128847983e-01,1.750095558128847983e-01
4.461828394122221653e+00,1.195903456918605556e+00,1.195903456918605556e+00,1.195903456918605556e+00,1.108946935179476512e+00,5.658106425989366528e-01,5.658106425989366528e-01,4.408858838081108900e-01,4.037402298888945751e-01,4.037402298888945751e-01,3.817337033406911218e-01,3.817337033406911218e-01,3.817337033406911218e-01,3.817337033406911218e-01,3.817337033406911218e-01,3.817337033406911218e-01,3.817337033406911218e-01,3.817337033406911218e-01,3.817337033406911218e-01,3.817337033406911218e-01,3.550715219036462145e-01
3.726154979139250756e+00,2.885949507031954298e+00,2.591328596806700801e+00,9.067103294135367975e-01,9.067103294135367975e-01,9.067103294135367975e-01,8.256724722406616479e-01,3.713884330369303655e-01,3.620746602096982514e-01,3.620746602096982514e-01,3.620746602096982514e-01,3.620746602096982514e-01,3.620746602096982514e-01,3.620746602096982514e-01,3.620746602096982514e-01,3.467928290885726739e-01,2.044234332776539986e-01,2.044234332776539986e-01,2.044234332776539986e-01,2.044234332776539986e-01,2.044234332776539986e-01
6.300050415288268368e+00,6.299041730815320150e+00,5.953431251781838185e+00,3.899262522703311973e+00,8.520842943833546457e-01,5.964601668774474064e-01,5.088205931745246602e-01,4.998931451441741558e-01,3.868351124273505803e-01,3.868351124273505803e-01,3.868351124273505803e-01,3.405170615208810148e-01,3.134754399050621032e-01,3.134754399050621032e-01,3.134754399050621032e-01,3.134754399050621032e-01,3.134754399050621032e-01,3.134754399050621032e-01,3.134754399050621032e-01,3.134754399050621032e-01,3.134754399050621032e-01
