9.887261152267456055e+00,9.523150920867919922e+00,1.237278580665588379e+01,1.095522379875183105e+01,8.683568716049194336e+00,8.879596948623657227e+00,8.574993371963500977e+00,6.948336124420166016e+00,1.735780978202819824e+01,1.634651732444763184e+01
1.467783665657043457e+01,1.943827414512634277e+01,1.478269076347351074e+01,1.496026730537414551e+01,1.278930521011352539e+01,1.293146014213562012e+01,8.719668388366699219e+00,8.105640649795532227e+00,1.183470916748046875e+01,8.443841695785522461e+00
1.406052422523498535e+01,2.275931167602539062e+01,2.199773645401000977e+01,1.110866236686706543e+01,1.393651175498962402e+01,3.380475854873657227e+01,1.329387998580932617e+01,7.931891918182373047e+00,5.938635110855102539e+00,6.128052234649658203e+00
1.805686402320861816e+01,1.112201786041259766e+01,9.583077430725097656e+00,1.869640302658081055e+01,1.772025775909423828e+01,1.305148577690124512e+01,1.965508341789245605e+01,8.174581050872802734e+00,2.899813413619995117e+00,2.903160572052001953e+00
1.774520325660705566e+01,1.047306060791015625e+01,7.732061386108398438e+00,1.241902709007263184e+01,1.363309001922607422e+01,1.796465206146240234e+01,2.068789029121398926e+01,2.030611371994018555e+01,2.314262390136718750e+01,2.535996222496032715e+01
1.629484891891479492e+01,9.866830110549926758e+00,5.251547336578369141e+00,2.276825666427612305e+00,2.544762611389160156e+00,2.616807460784912109e+00,1.255485486984252930e+01,1.043286705017089844e+01,8.284667491912841797e+00,1.232436442375183105e+01
1.746803164482116699e+01,1.336259055137634277e+01,6.204762697219848633e+00,2.420254230499267578e+00,1.016262030601501465e+01,7.507429838180541992e+00,6.537437677383422852e+00,6.387853145599365234e+00,1.190634226799011230e+01,1.560742521286010742e+01
1.678693914413452148e+01,1.841581797599792480e+01,2.069456434249877930e+01,1.670308256149291992e+01,1.466815996170043945e+01,1.249675226211547852e+01,1.914302396774291992e+01,1.166482973098754883e+01,1.136384868621826172e+01,1.264088511466979980e+01
1.602294731140136719e+01,1.890937471389770508e+01,3.077784490585327148e+01,2.781007456779479980e+01,2.498023223876953125e+01,1.638950967788696289e+01,2.396171545982360840e+01,1.776802444458007812e+01,2.511625504493713379e+01,2.279234623908996582e+01
4.706061124801635742e+00,4.105937242507934570e+00,6.494594335556030273e+00,4.790541648864746094e+00,1.508471131324768066e+01,1.570595288276672363e+01,1.159669017791748047e+01,1.041195797920227051e+01,1.295671725273132324e+01,8.612486839294433594e+00
