1.331256127357482910e+01,5.935252189636230469e+00,6.000374078750610352e+00,8.210030078887939453e+00,8.549562215805053711e+00,8.889057159423828125e+00,8.129098415374755859e+00,7.707017183303833008e+00,8.599746704101562500e+00,9.594119787216186523e+00
1.233938646316528320e+01,6.591678857803344727e+00,7.312204837799072266e+00,7.574168205261230469e+00,7.609889745712280273e+00,8.417218208312988281e+00,8.335895538330078125e+00,8.335419654846191406e+00,9.619102478027343750e+00,9.976022481918334961e+00
1.237432479858398438e+01,7.030967473983764648e+00,7.165437698364257812e+00,7.488944053649902344e+00,7.972802400588989258e+00,7.835739612579345703e+00,7.862880229949951172e+00,9.369528770446777344e+00,9.172888040542602539e+00,1.003532433509826660e+01
1.296278810501098633e+01,6.722803354263305664e+00,7.138119697570800781e+00,7.348362684249877930e+00,8.231121778488159180e+00,7.880260944366455078e+00,7.830043792724609375e+00,8.299991846084594727e+00,8.331483364105224609e+00,9.564070224761962891e+00
1.288130235671997070e+01,7.225467205047607422e+00,7.451052427291870117e+00,6.701085567474365234e+00,7.485318660736083984e+00,8.710259675979614258e+00,8.440326213836669922e+00,9.123603105545043945e+00,8.449936151504516602e+00,8.852833986282348633e+00
1.270461487770080566e+01,7.400304079055786133e+00,7.794712066650390625e+00,7.969330310821533203e+00,8.756199121475219727e+00,7.706594705581665039e+00,8.813912868499755859e+00,8.814745903015136719e+00,9.588375329971313477e+00,9.155605316162109375e+00
1.208832645416259766e+01,7.762010812759399414e+00,7.050794601440429688e+00,7.051801681518554688e+00,7.337484359741210938e+00,8.457494258880615234e+00,9.061173200607299805e+00,7.670241832733154297e+00,8.894461631774902344e+00,9.338145494461059570e+00
1.250610828399658203e+01,7.300992012023925781e+00,7.482970714569091797e+00,5.277992486953735352e+00,1.012925434112548828e+01,8.276933193206787109e+00,8.143022775650024414e+00,8.230381488800048828e+00,9.329279899597167969e+00,9.161997795104980469e+00
1.195672535896301270e+01,7.598572731018066406e+00,6.777565717697143555e+00,7.423477411270141602e+00,7.407955408096313477e+00,8.894666433334350586e+00,9.034580707550048828e+00,9.431511163711547852e+00,9.561516284942626953e+00,1.064056849479675293e+01
1.357434916496276855e+01,7.904159069061279297e+00,7.264849185943603516e+00,7.789416313171386719e+00,8.516626119613647461e+00,7.972027778625488281e+00,9.480784177780151367e+00,1.016468334197998047e+01,1.047353434562683105e+01,1.052833580970764160e+01
