2.153777790069580078e+01,9.432638406753540039e+00,1.013694429397583008e+01,1.167378401756286621e+01,1.148300337791442871e+01,1.357898068428039551e+01,1.478228569030761719e+01,1.563536262512207031e+01,1.646260619163513184e+01,1.656785178184509277e+01
1.458996534347534180e+01,1.041470170021057129e+01,9.341256380081176758e+00,9.803958177566528320e+00,1.159447455406188965e+01,1.339806175231933594e+01,1.432684922218322754e+01,1.709947729110717773e+01,1.515477108955383301e+01,1.521953606605529785e+01
1.562877416610717773e+01,1.042593050003051758e+01,9.814222574234008789e+00,1.261004257202148438e+01,1.273950886726379395e+01,1.389848685264587402e+01,1.190392136573791504e+01,1.368986201286315918e+01,1.250512981414794922e+01,1.523052644729614258e+01
1.344597411155700684e+01,9.009705781936645508e+00,1.009473323822021484e+01,9.325662612915039062e+00,1.198903489112854004e+01,1.223163771629333496e+01,1.802475762367248535e+01,1.712089419364929199e+01,1.813225245475769043e+01,2.217066216468811035e+01
1.469386577606201172e+01,9.474714994430541992e+00,9.748476743698120117e+00,1.145210862159729004e+01,8.578738212585449219e+00,1.520189142227172852e+01,1.516987371444702148e+01,1.598916149139404297e+01,1.819498729705810547e+01,1.674842667579650879e+01
1.605063009262084961e+01,9.492093563079833984e+00,8.251702785491943359e+00,1.031247043609619141e+01,1.010990428924560547e+01,1.271533894538879395e+01,1.249721908569335938e+01,1.334395623207092285e+01,1.574635171890258789e+01,1.722728967666625977e+01
1.576534414291381836e+01,9.051919698715209961e+00,1.046719789505004883e+01,9.319952249526977539e+00,1.169439601898193359e+01,1.326697707176208496e+01,1.325976085662841797e+01,1.529831624031066895e+01,1.610400962829589844e+01,1.808247041702270508e+01
1.551201653480529785e+01,8.317148685455322266e+00,8.411010265350341797e+00,1.101325845718383789e+01,1.330004763603210449e+01,1.253838443756103516e+01,1.585873055458068848e+01,2.253768491744995117e+01,1.584050917625427246e+01,1.679850244522094727e+01
1.617371916770935059e+01,9.305626392364501953e+00,1.098524260520935059e+01,1.296389842033386230e+01,1.202889466285705566e+01,1.308881735801696777e+01,1.559967923164367676e+01,1.438701772689819336e+01,1.841414999961853027e+01,1.831052875518798828e+01
1.552194213867187500e+01,8.980343341827392578e+00,9.033929586410522461e+00,9.156280755996704102e+00,9.657097339630126953e+00,1.373935341835021973e+01,1.511141991615295410e+01,1.576867222785949707e+01,1.764854598045349121e+01,1.959004473686218262e+01
