2.203995251655578613e+01,3.151729869842529297e+01,2.576128530502319336e+01,2.512361502647399902e+01,3.291938281059265137e+01,2.217249965667724609e+01,2.941315674781799316e+01,2.919672846794128418e+01,3.143088102340698242e+01,3.277748680114746094e+01,6.578989028930664062e+01,6.250974273681640625e+01,4.572442102432250977e+01,6.815655517578125000e+01,6.011829376220703125e+01
1.344868493080139160e+01,1.531921362876892090e+01,2.158059835433959961e+01,1.818702936172485352e+01,2.324051642417907715e+01,2.260277414321899414e+01,2.402739834785461426e+01,2.865229058265686035e+01,4.126596093177795410e+01,5.750929164886474609e+01,4.496645522117614746e+01,4.707594895362854004e+01,8.261807179450988770e+01,1.193770492076873779e+02,1.056590645313262939e+02
2.558132386207580566e+01,2.123680853843688965e+01,2.322489047050476074e+01,2.619900107383728027e+01,3.597729682922363281e+01,3.125370454788208008e+01,3.877094316482543945e+01,4.304727935791015625e+01,4.904453110694885254e+01,4.822835659980773926e+01,5.348400211334228516e+01,5.604433727264404297e+01,6.484358143806457520e+01,1.099269435405731201e+02,1.028061146736145020e+02
2.473585820198059082e+01,2.112592387199401855e+01,2.113462734222412109e+01,9.646584248542785645e+01,2.112492370605468750e+01,2.849739027023315430e+01,3.222900581359863281e+01,3.656729483604431152e+01,4.919992232322692871e+01,9.230978608131408691e+01,5.959189224243164062e+01,8.185365986824035645e+01,9.729946875572204590e+01,5.083365821838378906e+01,1.298050413131713867e+02
3.116350364685058594e+01,2.028082513809204102e+01,2.686543321609497070e+01,7.074075341224670410e+01,3.407588577270507812e+01,7.323134422302246094e+01,2.608846497535705566e+01,2.904035329818725586e+01,2.969682502746582031e+01,4.664163994789123535e+01,3.852432036399841309e+01,7.269169640541076660e+01,9.509789919853210449e+01,5.269638681411743164e+01,1.141623151302337646e+02
2.595553159713745117e+01,3.122380089759826660e+01,2.317206335067749023e+01,2.303413844108581543e+01,4.315601682662963867e+01,3.656664800643920898e+01,8.999622392654418945e+01,5.716075134277343750e+01,7.054260230064392090e+01,4.149079346656799316e+01,5.863798666000366211e+01,6.091423058509826660e+01,1.523403213024139404e+02,4.333237814903259277e+01,1.633298995494842529e+02
2.485518407821655273e+01,2.611614227294921875e+01,2.073857736587524414e+01,1.892086911201477051e+01,1.450236856937408447e+02,5.703008699417114258e+01,8.327457642555236816e+01,4.627187800407409668e+01,7.231614589691162109e+01,5.497319483757019043e+01,4.231056284904479980e+01,1.096432714462280273e+02,4.826653313636779785e+01,8.125605773925781250e+01,6.858570718765258789e+01
3.446282219886779785e+01,3.103724193572998047e+01,1.757516765594482422e+01,2.248567938804626465e+01,3.744585466384887695e+01,1.670561861991882324e+01,2.810013723373413086e+01,2.636966538429260254e+01,3.983401560783386230e+01,4.543201589584350586e+01,5.071665048599243164e+01,6.852327251434326172e+01,7.582746815681457520e+01,3.818037438392639160e+01,6.886551284790039062e+01
4.026386451721191406e+01,1.617652583122253418e+01,4.113999080657958984e+01,2.714345002174377441e+01,2.467481851577758789e+01,2.161617374420166016e+01,2.190826177597045898e+01,4.449870443344116211e+01,3.808897757530212402e+01,5.289281773567199707e+01,4.090368747711181641e+01,4.813507771492004395e+01,5.447627019882202148e+01,8.431092977523803711e+01,8.215408825874328613e+01
2.916139316558837891e+01,1.898506450653076172e+01,1.883590006828308105e+01,2.039049983024597168e+01,3.081868362426757812e+01,2.341163897514343262e+01,2.590903520584106445e+01,4.986472916603088379e+01,8.512225508689880371e+01,5.610940933227539062e+01,8.952715587615966797e+01,3.936581873893737793e+01,4.119858384132385254e+01,3.801880908012390137e+01,5.364707231521606445e+01
