1.352968492056216832e+00,1.276939088623462837e+00,1.276939088623462837e+00,1.276939088623462837e+00,9.000716980144858326e-01,7.055484021145890239e-01,7.055484021145890239e-01,6.791825752724705012e-01,6.791825752724705012e-01,4.758900754500210439e-01,4.736356328407982375e-01,4.736054376109830599e-01,4.736054376109830599e-01,4.736054376109830599e-01,4.736054376109830599e-01,4.736054376109830599e-01,4.736054376109830599e-01,3.892176087277832153e-01,3.874268509579348319e-01,3.874268509579348319e-01,3.868056612180019727e-01
6.117784427482456877e+00,6.117784427482456877e+00,1.195903456918605556e+00,1.195903456918605556e+00,1.195903456918605556e+00,1.195903456918605556e+00,1.195903456918605556e+00,1.195903456918605556e+00,1.195903456918605556e+00,1.195903456918605556e+00,1.195903456918605556e+00,1.171399172103573250e+00,1.171399172103573250e+00,1.138087993750536597e+00,1.091621993963489246e+00,1.091621993963489246e+00,1.091621993963489246e+00,1.091423488603988190e+00,1.091423488603988190e+00,1.091423488603988190e+00,1.091423488603988190e+00
6.082146841203734056e+00,1.195903456918605556e+00,6.411711210135191408e-01,6.343019080237493057e-01,6.343019080237493057e-01,4.695563905744464250e-01,4.420634729704779886e-01,4.286061678327968139e-01,4.286061678327968139e-01,2.892699391928577057e-01,2.892699391928577057e-01,2.037621284616371042e-01,2.037621284616371042e-01,2.037621284616371042e-01,2.037621284616371042e-01,2.037621284616371042e-01,2.037621284616371042e-01,2.037621284616371042e-01,2.037621284616371042e-01,2.037621284616371042e-01,2.037621284616371042e-01
6.584601972157178906e+00,9.866648303502785211e-01,4.545732235642319097e-01,4.456975166552759049e-01,3.242950780277915612e-01,2.521004473423023029e-01,2.521004473423023029e-01,2.179787648528588306e-01,2.179787648528588306e-01,2.179787648528588306e-01,2.179787648528588306e-01,2.179787648528588306e-01,2.179787648528588306e-01,2.179787648528588306e-01,2.179787648528588306e-01,2.179787648528588306e-01,2.179787648528588306e-01,2.179787648528588306e-01,2.179787648528588306e-01,2.179787648528588306e-01,2.179787648528588306e-01
5.310393780011896325e+00,5.310393780011896325e+00,5.310393780011896325e+00,5.131704096891121836e+00,4.999289197804921869e+00,1.108946935179472959e+00,8.388532952871461390e-01,8.200541556513467611e-01,8.150084553646710361e-01,7.041759963122036226e-01,4.349484264408811640e-01,4.349484264408811640e-01,3.866518398211553631e-01,3.866518398211553631e-01,3.866518398211553631e-01,3.866518398211553631e-01,3.866518398211553631e-01,3.043323181971953062e-01,3.043323181971953062e-01,2.437705836315977592e-01,2.437705836315977592e-01
4.654315558695021338e+00,1.195903456918605556e+00,1.195903456918605556e+00,1.195903456918605556e+00,1.108946935179472959e+00,4.838172695374094445e-01,4.838172695374094445e-01,4.547624285032956237e-01,4.547624285032956237e-01,4.547624285032956237e-01,4.547624285032956237e-01,4.547624285032956237e-01,4.547624285032956237e-01,4.547624285032956237e-01,4.547624285032956237e-01,4.547624285032956237e-01,4.547624285032956237e-01,4.547624285032956237e-01,3.602559026485643301e-01,3.602559026485643301e-01,3.602559026485643301e-01
2.493243346041774444e+00,2.444847566936092065e+00,2.444847566936092065e+00,2.444847566936092065e+00,2.444847566936092065e+00,1.195903456918605556e+00,1.019355667320221315e+00,9.228527769641416967e-01,8.812559554035974685e-01,8.539656210561279437e-01,8.539656210561279437e-01,8.502407569733687609e-01,8.502407569733687609e-01,8.489572042415893804e-01,8.487259173103289811e-01,8.485963912470779746e-01,8.484397945654418294e-01,8.484397945654418294e-01,8.484397945654418294e-01,8.484397945654418294e-01,8.484397945654418294e-01
7.464010006430966016e+00,6.923998407569889935e+00,2.088178470355135374e+00,2.088178470355135374e+00,2.088178470355135374e+00,5.811655324365023745e-01,5.479880640655458990e-01,5.284132358405884133e-01,5.184063299815715453e-01,5.184063299815715453e-01,5.184063299815715453e-01,5.184063299815715453e-01,5.184063299815715453e-01,5.184063299815715453e-01,5.184063299815715453e-01,5.184063299815715453e-01,5.184063299815715453e-01,5.184063299815715453e-01,5.184063299815715453e-01,5.184063299815715453e-01,5.184063299815715453e-01
6.498616024443565564e+00,1.195903456918605556e+00,9.250472662978133087e-01,8.852511638097375624e-01,7.354519284774969634e-01,6.957329458710148629e-01,6.940033719798517353e-01,6.802234122865353783e-01,6.747610089336060213e-01,6.747610089336060213e-01,6.747610089336060213e-01,6.747610089336060213e-01,6.747610089336060213e-01,6.747610089336060213e-01,6.747610089336060213e-01,6.747610089336060213e-01,6.747610089336060213e-01,6.747610089336060213e-01,6.747610089336060213e-01,6.747610089336060213e-01,6.747610089336060213e-01
6.530636804500513648e+00,1.195903456918605556e+00,1.108946935179472959e+00,1.108946935179472959e+00,9.431599662393743699e-01,7.059272421191984392e-01,6.962539854512126425e-01,6.048792253423744825e-01,6.048792253423744825e-01,6.048792253423744825e-01,6.048792253423744825e-01,6.048792253423744825e-01,6.048792253423744825e-01,5.595355580309639976e-01,5.059377828606237415e-01,4.999717058345876097e-01,4.250311400312423160e-01,4.250311400312423160e-01,4.250311400312423160e-01,4.250311400312423160e-01,4.250311400312423160e-01
