8.594838165708855726e-01,8.594838165708855726e-01,6.203436035628078216e-01,5.776980752557587806e-01,3.888024658175988080e-01,2.248007521792825258e-01,1.636835857277310069e-01,1.533877778292289662e-01,1.286945128837135854e-01,1.055245937313520344e-01,1.017868598500806243e-01,1.014968345956059892e-01,8.655752039572206513e-02
6.979408513563329919e-01,5.801396982226787458e-01,5.801396982226787458e-01,5.483083983161964881e-01,5.483083983161964881e-01,3.275356380930380951e-01,2.777149333694319822e-01,2.390843478504054431e-01,2.133969151057515390e-01,9.598146503230786664e-02,8.486933680779173983e-02,6.976889459247281877e-02,5.480089360923123820e-02
4.355469076631841574e-01,4.355469076631841574e-01,4.355469076631841574e-01,2.800218108947403195e-01,2.573091597077565851e-01,2.573091597077565851e-01,2.076564046481896852e-01,2.076564046481896852e-01,2.076564046481896852e-01,1.339637708327936494e-01,1.331329779008685321e-01,1.002278050506921758e-01,9.488138452641070586e-02
6.233607611111944280e-01,5.681691127701498090e-01,4.396220674856881061e-01,3.120486723556004094e-01,3.120486723556004094e-01,2.199136914316044411e-01,2.040146148137349513e-01,1.874491662777133527e-01,9.441198342771617291e-02,8.266430177902694965e-02,7.083726983442861780e-02,5.977568978252190135e-02,5.797595441971648000e-02
1.102290904025085894e+00,1.102290904025085894e+00,5.917179876903624347e-01,5.917179876903624347e-01,3.479706393800938713e-01,2.207953195411018754e-01,1.927282461662862545e-01,1.654212435830402228e-01,1.335226441603740710e-01,8.153253107219349261e-02,7.667728199256540478e-02,7.289408667657859553e-02,7.006536040153310552e-02
1.172512628781856137e+00,1.172512628781856137e+00,6.694332026232174826e-01,6.694332026232174826e-01,6.694332026232174826e-01,4.352659772065203825e-01,2.223618768882857921e-01,1.675267213845694769e-01,1.522502628579465167e-01,1.258614861627789239e-01,1.215416440537815390e-01,1.170953009952624413e-01,1.145446283360946893e-01
6.698915748794664893e-01,6.698915748794664893e-01,3.603062099307816624e-01,3.346451379196508924e-01,3.346451379196508924e-01,3.030875035865925327e-01,2.625563911315129673e-01,1.243440941721365434e-01,1.239874573458790152e-01,1.039524287346447196e-01,1.008619773925216734e-01,9.761046544262352853e-02,8.052620870317905855e-02
6.060183784578550004e-01,5.839269984910715472e-01,3.328898225312064696e-01,2.349224790402555385e-01,2.349224790402555385e-01,1.695142636514859191e-01,1.559488357546099380e-01,1.065619526806660389e-01,9.807793770846906511e-02,7.220215836778542950e-02,6.750732920092961109e-02,6.257338782339694205e-02,6.009245736259494208e-02
8.232897069912965549e-01,8.232897069912965549e-01,4.699569878976976867e-01,2.580178043272853827e-01,2.126190463674060283e-01,1.537923246708299274e-01,1.001792050027603409e-01,9.136829042483363139e-02,8.181813509835400566e-02,6.840927866521351319e-02,6.629701329935855370e-02,6.407212623400848628e-02,5.209502834115653513e-02
8.601978587169920587e-01,8.601978587169920587e-01,8.601978587169920587e-01,6.488221535335805257e-01,5.837375397200315064e-01,3.113803897149347577e-01,2.475814206982231980e-01,2.043879963118371279e-01,1.276930485887426414e-01,1.055371281133066219e-01,1.029135540410388572e-01,8.195482948555365965e-02,8.138857006020217000e-02
