3.223164129257202148e+01,2.882396697998046875e+00,2.885525465011596680e+00,2.478497028350830078e+00,3.246354818344116211e+00,4.378059864044189453e+00,3.173732995986938477e+00,3.563522577285766602e+00,3.517083644866943359e+00,3.333536386489868164e+00
2.525263452529907227e+01,2.655978441238403320e+00,3.122343778610229492e+00,2.880457401275634766e+00,8.218576192855834961e+00,5.499594688415527344e+00,5.444583177566528320e+00,5.625322341918945312e+00,4.751974105834960938e+00,5.301593065261840820e+00
2.753575229644775391e+01,3.223684072494506836e+00,2.507578849792480469e+00,3.285099506378173828e+00,3.609524488449096680e+00,3.390024900436401367e+00,9.384686946868896484e+00,5.042434453964233398e+00,4.394423246383666992e+00,6.501573085784912109e+00
2.522522211074829102e+01,2.145370960235595703e+00,2.997410774230957031e+00,3.584562540054321289e+00,4.044981002807617188e+00,3.627260446548461914e+00,3.050260543823242188e+00,3.174506425857543945e+00,3.518442392349243164e+00,8.393620967864990234e+00
2.738512563705444336e+01,2.201526403427124023e+00,2.638323545455932617e+00,3.040629386901855469e+00,3.513391256332397461e+00,3.484397172927856445e+00,3.255892515182495117e+00,2.830524921417236328e+00,3.617006301879882812e+00,3.176598310470581055e+00
2.921659517288208008e+01,3.560911655426025391e+00,3.515740156173706055e+00,4.230505704879760742e+00,4.659784793853759766e+00,3.690798759460449219e+00,3.924427986145019531e+00,4.631854534149169922e+00,4.524725914001464844e+00,4.463592290878295898e+00
2.450716733932495117e+01,4.428056955337524414e+00,2.867231369018554688e+00,3.034961223602294922e+00,3.454959154129028320e+00,3.464077711105346680e+00,8.432726860046386719e+00,4.251706123352050781e+00,3.765218019485473633e+00,3.518036127090454102e+00
2.807007408142089844e+01,3.142415523529052734e+00,4.440363645553588867e+00,2.789900064468383789e+00,3.136172294616699219e+00,3.931847810745239258e+00,2.776086807250976562e+00,5.671792507171630859e+00,4.306308507919311523e+00,3.880834341049194336e+00
3.041441440582275391e+01,3.292413473129272461e+00,3.478894948959350586e+00,3.756933689117431641e+00,3.586329460144042969e+00,3.633369445800781250e+00,3.591993331909179688e+00,4.744786739349365234e+00,5.338115692138671875e+00,4.438810825347900391e+00
2.482839584350585938e+01,6.932710409164428711e+00,3.759657859802246094e+00,3.489191770553588867e+00,2.986356973648071289e+00,3.196708202362060547e+00,4.393181085586547852e+00,4.578621864318847656e+00,4.402497053146362305e+00,3.799969196319580078e+00
