3.710503625869750977e+01,6.131282329559326172e+00,1.161438250541687012e+01,1.465282130241394043e+01,1.836322283744812012e+01,1.834204983711242676e+01,1.954952502250671387e+01,1.745253777503967285e+01,2.507771921157836914e+01,3.660718107223510742e+01
3.873839330673217773e+01,7.502824068069458008e+00,1.258753490447998047e+01,1.563413453102111816e+01,1.905443215370178223e+01,1.853539681434631348e+01,1.332756280899047852e+01,1.490348458290100098e+01,1.812848782539367676e+01,1.465350770950317383e+01
3.825456500053405762e+01,8.419558763504028320e+00,1.063205194473266602e+01,1.325420093536376953e+01,1.714762473106384277e+01,1.657631754875183105e+01,1.710974049568176270e+01,1.411033773422241211e+01,2.084298706054687500e+01,2.184640622138977051e+01
3.967128109931945801e+01,5.211805105209350586e+00,9.400604486465454102e+00,1.537656092643737793e+01,1.967549657821655273e+01,1.586617469787597656e+01,1.266506552696228027e+01,1.761096310615539551e+01,1.793682694435119629e+01,2.577416896820068359e+01
3.767504167556762695e+01,7.126185178756713867e+00,1.074730801582336426e+01,1.654421830177307129e+01,1.649773931503295898e+01,1.789526462554931641e+01,2.071328353881835938e+01,2.026851344108581543e+01,1.633064532279968262e+01,1.889528417587280273e+01
3.780443286895751953e+01,7.268215179443359375e+00,1.342396402359008789e+01,1.623832702636718750e+01,1.920213770866394043e+01,2.433112239837646484e+01,1.749726438522338867e+01,1.485090255737304688e+01,1.961350369453430176e+01,2.697096657752990723e+01
3.511778044700622559e+01,5.463651657104492188e+00,1.603757166862487793e+01,1.478041291236877441e+01,1.937816905975341797e+01,2.789930772781372070e+01,1.701842713356018066e+01,1.431061959266662598e+01,2.011109352111816406e+01,2.560635471343994141e+01
4.029431581497192383e+01,8.343699932098388672e+00,1.231005191802978516e+01,1.386911559104919434e+01,1.655143642425537109e+01,2.127577376365661621e+01,1.598140287399291992e+01,1.074136877059936523e+01,1.793236231803894043e+01,2.398304176330566406e+01
3.539176416397094727e+01,6.524027585983276367e+00,1.337337732315063477e+01,1.672589325904846191e+01,1.927387714385986328e+01,1.654657077789306641e+01,1.232557892799377441e+01,1.436603617668151855e+01,2.203030991554260254e+01,2.369417285919189453e+01
3.935712003707885742e+01,6.236002922058105469e+00,1.129676055908203125e+01,1.179949784278869629e+01,1.757282161712646484e+01,1.815573763847351074e+01,1.318329405784606934e+01,1.369725441932678223e+01,1.798686027526855469e+01,2.314422059059143066e+01
