3.833168482780456543e+01,3.630538463592529297e+00,3.429249286651611328e+00,3.383840799331665039e+00,3.321730613708496094e+00,4.402757406234741211e+00,5.508312702178955078e+00
3.400800251960754395e+01,5.084044694900512695e+00,3.120990037918090820e+00,3.656900405883789062e+00,2.980887889862060547e+00,4.742674827575683594e+00,4.252126693725585938e+00
3.019982981681823730e+01,3.138259172439575195e+00,3.313232898712158203e+00,3.531235933303833008e+00,3.674517393112182617e+00,3.987993001937866211e+00,3.471944332122802734e+00
3.741751599311828613e+01,3.672613382339477539e+00,3.877627372741699219e+00,3.342341899871826172e+00,4.126172780990600586e+00,3.584270238876342773e+00,3.508648157119750977e+00
3.383525991439819336e+01,3.224734067916870117e+00,3.036570310592651367e+00,2.898324012756347656e+00,3.957533597946166992e+00,3.604783058166503906e+00,3.309295415878295898e+00
2.703504705429077148e+01,5.831396818161010742e+00,4.504743814468383789e+00,3.885711908340454102e+00,5.119097232818603516e+00,5.479432106018066406e+00,5.705171346664428711e+00
3.036585402488708496e+01,2.948544263839721680e+00,2.971755981445312500e+00,5.836789369583129883e+00,3.613054037094116211e+00,3.422974586486816406e+00,3.763394594192504883e+00
3.524106264114379883e+01,2.997884988784790039e+00,3.219144105911254883e+00,4.118668317794799805e+00,3.258608818054199219e+00,6.711082458496093750e+00,4.524060249328613281e+00
3.480153250694274902e+01,3.211645603179931641e+00,3.501455783843994141e+00,3.556933641433715820e+00,3.998233079910278320e+00,5.530696868896484375e+00,4.949349403381347656e+00
3.538640308380126953e+01,3.870256900787353516e+00,3.291106939315795898e+00,3.333364725112915039e+00,6.034181356430053711e+00,3.532731533050537109e+00,4.257595777511596680e+00
