2.701090240478515625e+01,6.159019708633422852e+00,6.985055923461914062e+00,6.473748922348022461e+00,7.414379835128784180e+00,7.266275405883789062e+00,7.863510131835937500e+00,7.452245473861694336e+00,8.423818826675415039e+00,7.270239591598510742e+00,8.825506925582885742e+00,6.729846477508544922e+00,8.466390132904052734e+00,9.526612997055053711e+00,7.896119117736816406e+00,8.742471933364868164e+00,9.902877807617187500e+00,8.848244190216064453e+00,1.250889205932617188e+01,8.131535291671752930e+00
2.394372010231018066e+01,9.695126771926879883e+00,7.776258468627929688e+00,5.481925010681152344e+00,7.731930494308471680e+00,7.919317245483398438e+00,9.296927928924560547e+00,7.911893844604492188e+00,7.815834283828735352e+00,8.326555967330932617e+00,7.992371559143066406e+00,7.814558267593383789e+00,1.065442895889282227e+01,1.060973668098449707e+01,1.033531641960144043e+01,1.095962095260620117e+01,1.249404287338256836e+01,1.461297082901000977e+01,1.105251288414001465e+01,1.200473880767822266e+01
2.811524462699890137e+01,6.484329938888549805e+00,6.961783647537231445e+00,6.642562627792358398e+00,8.007548809051513672e+00,6.283853054046630859e+00,9.681885719299316406e+00,7.965348720550537109e+00,1.003471612930297852e+01,9.098087310791015625e+00,8.521964311599731445e+00,1.046014690399169922e+01,8.576812028884887695e+00,9.738061189651489258e+00,1.150789880752563477e+01,8.631517648696899414e+00,8.320182085037231445e+00,9.460710525512695312e+00,1.042611455917358398e+01,1.098077058792114258e+01
2.317796969413757324e+01,8.440191268920898438e+00,5.711864709854125977e+00,7.006541490554809570e+00,8.819763422012329102e+00,1.229886722564697266e+01,7.946085214614868164e+00,6.975701093673706055e+00,7.642278909683227539e+00,8.273384571075439453e+00,7.774234294891357422e+00,9.816952943801879883e+00,9.641935586929321289e+00,1.139830112457275391e+01,1.025709486007690430e+01,8.717118024826049805e+00,1.183682703971862793e+01,1.300370693206787109e+01,1.182523894309997559e+01,1.196736812591552734e+01
2.788452363014221191e+01,7.337494373321533203e+00,8.177480459213256836e+00,7.125145435333251953e+00,7.093325376510620117e+00,7.033666133880615234e+00,7.524452686309814453e+00,8.230947971343994141e+00,7.826820135116577148e+00,8.914719581604003906e+00,8.433051109313964844e+00,8.027014970779418945e+00,1.075447010993957520e+01,1.129730868339538574e+01,9.223864793777465820e+00,9.676475286483764648e+00,8.803447961807250977e+00,1.180301141738891602e+01,1.153955841064453125e+01,1.456159996986389160e+01
2.947204756736755371e+01,8.742850303649902344e+00,6.707583665847778320e+00,5.473193168640136719e+00,9.545188426971435547e+00,7.032407760620117188e+00,1.025110030174255371e+01,7.907907247543334961e+00,9.338972806930541992e+00,7.745874881744384766e+00,8.822983980178833008e+00,8.776727676391601562e+00,1.066162133216857910e+01,9.272238969802856445e+00,1.005355143547058105e+01,7.840597629547119141e+00,7.968262910842895508e+00,8.108656167984008789e+00,1.051352667808532715e+01,8.802582025527954102e+00
2.979646229743957520e+01,1.017459177970886230e+01,7.292735815048217773e+00,7.708896875381469727e+00,7.063635826110839844e+00,7.180282592773437500e+00,8.423559427261352539e+00,7.777904987335205078e+00,9.936887502670288086e+00,1.048883533477783203e+01,1.041942071914672852e+01,8.232132673263549805e+00,8.652052879333496094e+00,8.162944078445434570e+00,8.086255311965942383e+00,7.978467464447021484e+00,1.029478144645690918e+01,7.553072214126586914e+00,9.284048795700073242e+00,9.650913953781127930e+00
3.007508468627929688e+01,1.028139019012451172e+01,7.794131040573120117e+00,9.161372900009155273e+00,6.033041715621948242e+00,8.270983457565307617e+00,8.909818649291992188e+00,8.954644203186035156e+00,1.053226542472839355e+01,1.042357063293457031e+01,1.265595030784606934e+01,1.089497566223144531e+01,1.224670934677124023e+01,1.124354338645935059e+01,1.017380070686340332e+01,1.118677568435668945e+01,9.751251459121704102e+00,9.463859319686889648e+00,8.558318138122558594e+00,9.056171417236328125e+00
3.068325757980346680e+01,9.308094501495361328e+00,8.131339073181152344e+00,6.588397026062011719e+00,7.760957002639770508e+00,1.037609934806823730e+01,8.223787307739257812e+00,1.000040316581726074e+01,8.979052543640136719e+00,6.828437805175781250e+00,6.332722663879394531e+00,8.114569902420043945e+00,1.258657407760620117e+01,1.001075267791748047e+01,1.201268339157104492e+01,1.148537206649780273e+01,1.230237388610839844e+01,1.524507284164428711e+01,9.463849067687988281e+00,1.081609129905700684e+01
3.024820470809936523e+01,3.715800762176513672e+00,9.613474845886230469e+00,9.211441040039062500e+00,1.115769410133361816e+01,9.915889501571655273e+00,1.102820539474487305e+01,1.152783393859863281e+01,1.219723010063171387e+01,1.177861976623535156e+01,1.230540871620178223e+01,1.234002947807312012e+01,1.123743057250976562e+01,1.152537846565246582e+01,1.205019211769104004e+01,1.127943611145019531e+01,1.126011514663696289e+01,1.060549283027648926e+01,1.129926371574401855e+01,1.162867522239685059e+01
