3.049638867378234863e+01,4.951693296432495117e+00,4.039316892623901367e+00,5.864167451858520508e+00,5.920733690261840820e+00,6.139482498168945312e+00,5.730176210403442383e+00,5.982380628585815430e+00,6.908787488937377930e+00,6.638921737670898438e+00
2.856295824050903320e+01,4.119981288909912109e+00,4.097400188446044922e+00,3.801282167434692383e+00,6.053374528884887695e+00,5.790801048278808594e+00,4.732633829116821289e+00,5.883757352828979492e+00,4.820208787918090820e+00,5.118276596069335938e+00
2.946630644798278809e+01,5.344269275665283203e+00,4.348264455795288086e+00,3.492052078247070312e+00,5.482540369033813477e+00,5.143572092056274414e+00,6.555092334747314453e+00,7.579689741134643555e+00,5.965237379074096680e+00,7.325782299041748047e+00
2.867898416519165039e+01,5.463873147964477539e+00,5.620091676712036133e+00,4.626972675323486328e+00,1.893140316009521484e+00,1.838207483291625977e+00,1.818438529968261719e+00,1.631705999374389648e+00,1.771082878112792969e+00,1.765469074249267578e+00
2.621133494377136230e+01,5.919388055801391602e+00,5.347896337509155273e+00,6.596961736679077148e+00,7.803882360458374023e+00,7.037984371185302734e+00,7.655656099319458008e+00,1.627189373970031738e+01,7.514087200164794922e+00,1.409900450706481934e+01
2.819943213462829590e+01,3.519975900650024414e+00,4.797639846801757812e+00,5.660385847091674805e+00,5.023087024688720703e+00,4.979757070541381836e+00,6.152059078216552734e+00,1.846409082412719727e+00,1.606632947921752930e+00,3.329544305801391602e+00
2.503939819335937500e+01,7.258448362350463867e+00,3.826874494552612305e+00,6.564409494400024414e+00,5.337108850479125977e+00,5.032293558120727539e+00,6.971348285675048828e+00,2.177658081054687500e+00,5.766462087631225586e+00,3.987390756607055664e+00
3.142476701736450195e+01,5.894047975540161133e+00,6.986220121383666992e+00,1.949283838272094727e+00,1.742323398590087891e+00,1.585908651351928711e+00,4.671396732330322266e+00,4.487890958786010742e+00,5.403614044189453125e+00,5.542852878570556641e+00
3.068089675903320312e+01,6.946820020675659180e+00,5.830989599227905273e+00,7.430995225906372070e+00,8.327508926391601562e+00,7.072557449340820312e+00,6.605255603790283203e+00,6.140603065490722656e+00,5.853076457977294922e+00,6.007556676864624023e+00
2.966886115074157715e+01,8.332810401916503906e+00,1.796754121780395508e+00,1.732858657836914062e+00,1.672966718673706055e+00,1.655074357986450195e+00,1.612912654876708984e+00,1.667348384857177734e+00,2.597372293472290039e+00,1.876439332962036133e+00
