2.477032113075256348e+01,2.170930385589599609e+00,2.178980350494384766e+00
2.488039708137512207e+01,2.003318786621093750e+00,2.282956361770629883e+00
2.536277294158935547e+01,2.083000421524047852e+00,2.061659097671508789e+00
2.597519063949584961e+01,2.143280982971191406e+00,2.128314733505249023e+00
2.644359207153320312e+01,2.037317276000976562e+00,2.196659803390502930e+00
2.619879603385925293e+01,2.741662263870239258e+00,2.134166717529296875e+00
2.756502318382263184e+01,1.921763181686401367e+00,1.948163032531738281e+00
2.606183004379272461e+01,2.102278470993041992e+00,2.024872541427612305e+00
2.609329009056091309e+01,1.987490892410278320e+00,1.983634710311889648e+00
2.566925859451293945e+01,2.027201175689697266e+00,1.975617647171020508e+00
