7.273462594264343828e-01,7.273462594264343828e-01,7.273462594264343828e-01,7.273462594264343828e-01,5.751998211507367564e-01,5.643374741669902050e-01,5.623471796664802902e-01,5.602211608786236141e-01,5.597883698176344680e-01,5.593178914045640049e-01,5.588741343280925200e-01,5.584585575410381253e-01,5.583739407291967716e-01
5.914421280316259910e-01,5.914421280316259910e-01,4.015873012903776740e-01,4.015873012903776740e-01,4.015873012903776740e-01,2.891128868517123252e-01,1.860956522155623460e-01,1.464117715973713985e-01,1.311062702828502680e-01,1.103567197798263066e-01,8.849783750354056622e-02,7.890223549306796258e-02,6.959177611239297789e-02
5.501639704398515462e-01,5.501639704398515462e-01,5.501639704398515462e-01,5.501639704398515462e-01,5.281352982133080687e-01,2.859871024092175418e-01,2.547120417506816281e-01,2.345136577098916320e-01,1.291859193741009548e-01,1.000736386098388664e-01,7.865452982481535571e-02,7.069216938241495995e-02,6.327506533592330840e-02
1.184247282398009027e+00,6.371026450877934622e-01,6.371026450877934622e-01,5.512709657530301399e-01,2.649548522107014747e-01,2.104175160747363549e-01,1.572267415065065066e-01,1.235299349155196680e-01,1.003698955838006057e-01,8.154091185725764745e-02,7.050299594466213904e-02,6.480232238053762472e-02,5.985665891773717107e-02
6.666655642658811942e-01,6.666655642658811942e-01,2.679107440689545427e-01,2.679107440689545427e-01,2.679107440689545427e-01,1.631949148778808478e-01,1.631949148778808478e-01,1.631949148778808478e-01,1.269192495670914411e-01,9.811593740356006066e-02,8.200229382525936472e-02,6.739552938594162157e-02,5.464040101355127632e-02
1.368440080402832493e+00,1.034404464957389358e+00,6.923745558737648409e-01,6.923745558737648409e-01,6.010203839268726256e-01,3.745624794116411138e-01,3.745624794116411138e-01,1.967098225515799825e-01,1.967098225515799825e-01,1.300578358263262402e-01,1.048131512959118439e-01,9.008074172591307160e-02,7.638520636074996872e-02
8.444343746289906250e-01,8.444343746289906250e-01,7.157829455739896929e-01,7.149322348913704772e-01,5.579372951988625928e-01,3.491729061916561960e-01,3.486190924542498237e-01,3.486190924542498237e-01,1.818409800790687925e-01,1.394413852245284247e-01,1.048846851872609065e-01,8.646266676555125485e-02,7.684703610208121205e-02
3.939861246963101138e-01,3.939861246963101138e-01,2.359722056879931529e-01,2.359722056879931529e-01,2.359722056879931529e-01,2.359722056879931529e-01,2.191363835968642704e-01,1.755035894500682758e-01,9.893433620726188593e-02,8.016474392351913281e-02,6.897390391443103397e-02,5.852422535186097008e-02,4.832060654194059168e-02
8.458686723279957853e-01,8.458686723279957853e-01,7.183429785817132540e-01,7.183429785817132540e-01,7.183429785817132540e-01,5.765811525580590846e-01,4.071859777775772571e-01,3.950336476461364654e-01,3.783271465433788450e-01,2.684582773421606561e-01,1.812903611176377439e-01,1.174735478088795304e-01,1.113127089880050491e-01
3.748558475616006191e-01,3.748558475616006191e-01,3.438161647745516802e-01,3.414760794809517108e-01,3.414760794809517108e-01,2.780182625029326005e-01,1.591458599245125782e-01,1.283271256053302167e-01,9.202417392261086349e-02,7.866162049511871146e-02,6.681038177377196519e-02,5.631877787584915751e-02,5.013217950503534581e-02
