2.136312651634216309e+01,2.526638746261596680e+00,2.549507617950439453e+00,2.704757690429687500e+00,7.740561723709106445e+00,4.242841243743896484e+00,3.323165655136108398e+00,3.723942518234252930e+00,3.684173583984375000e+00,3.661585092544555664e+00
2.438441085815429688e+01,2.375247240066528320e+00,2.749961137771606445e+00,2.668968200683593750e+00,2.957766294479370117e+00,2.729154825210571289e+00,2.819005012512207031e+00,3.055625200271606445e+00,3.083899736404418945e+00,7.109957218170166016e+00
2.602780747413635254e+01,2.498256683349609375e+00,2.715090274810791016e+00,2.797523260116577148e+00,3.078413009643554688e+00,2.811131477355957031e+00,3.174360990524291992e+00,3.324187278747558594e+00,2.949436664581298828e+00,3.542069673538208008e+00
2.988900136947631836e+01,2.809095382690429688e+00,3.023961544036865234e+00,3.048758745193481445e+00,3.418201446533203125e+00,2.900995016098022461e+00,3.111689329147338867e+00,3.136714458465576172e+00,2.996904373168945312e+00,3.103359460830688477e+00
3.035429954528808594e+01,2.776790618896484375e+00,3.391777038574218750e+00,3.511679887771606445e+00,3.418355226516723633e+00,2.907296180725097656e+00,3.256121158599853516e+00,3.196128368377685547e+00,3.277188301086425781e+00,3.417054653167724609e+00
2.342381978034973145e+01,2.388273715972900391e+00,3.263345718383789062e+00,2.464101314544677734e+00,2.779390335083007812e+00,6.617120027542114258e+00,4.007110357284545898e+00,3.983422040939331055e+00,3.272892475128173828e+00,3.227015495300292969e+00
2.517813801765441895e+01,2.920964479446411133e+00,2.529870271682739258e+00,2.821846723556518555e+00,3.593403816223144531e+00,2.849462270736694336e+00,3.049442291259765625e+00,2.980767011642456055e+00,3.086610078811645508e+00,6.849079132080078125e+00
2.555488467216491699e+01,2.711309432983398438e+00,2.737834215164184570e+00,2.687378883361816406e+00,2.765708208084106445e+00,3.090471982955932617e+00,2.700580596923828125e+00,3.173787355422973633e+00,3.097037792205810547e+00,2.901088476181030273e+00
2.895209336280822754e+01,2.766492843627929688e+00,3.269004583358764648e+00,3.139629602432250977e+00,3.100909709930419922e+00,3.142306327819824219e+00,3.203989744186401367e+00,3.058379650115966797e+00,3.113102197647094727e+00,3.020999193191528320e+00
2.285718488693237305e+01,2.342665195465087891e+00,3.050703048706054688e+00,2.973556041717529297e+00,2.791677951812744141e+00,2.821106910705566406e+00,6.692453622817993164e+00,3.594073534011840820e+00,3.633942127227783203e+00,4.320749521255493164e+00
