2.311837948574927637e+00,2.191494702688974172e+00,1.563300995611699662e+00,1.563300995611699662e+00,1.563300995611699662e+00,6.088292854517085573e-01,4.468948538596446696e-01,4.093940821408690312e-01,2.846830282177190696e-01,2.846830282177190696e-01,2.766712134249491584e-01,2.368623572788717269e-01,2.368623572788717269e-01,2.368623572788717269e-01,2.368623572788717269e-01,2.368623572788717269e-01,2.368623572788717269e-01,2.368623572788717269e-01,2.368623572788717269e-01,2.368623572788717269e-01,2.368623572788717269e-01
8.405137510386225586e+00,1.083490306084886612e+00,1.042142453451775808e+00,8.438848011153563533e-01,8.438848011153563533e-01,5.644408837349974561e-01,5.644408837349974561e-01,5.644408837349974561e-01,5.644408837349974561e-01,5.377214639000200691e-01,5.377214639000200691e-01,5.377214639000200691e-01,5.377214639000200691e-01,5.377214639000200691e-01,5.377214639000200691e-01,5.377214639000200691e-01,5.219871674862996969e-01,5.219871674862996969e-01,5.219871674862996969e-01,5.219871674862996969e-01,5.162652672016712074e-01
4.490595378144725203e+00,4.186192002533394074e+00,2.236548679151768582e+00,5.038136818500618119e-01,5.038136818500618119e-01,3.709049212672059781e-01,3.367664666758969361e-01,3.367664666758969361e-01,3.226245755053493980e-01,3.226245755053493980e-01,3.226245755053493980e-01,2.976872863383377421e-01,2.976872863383377421e-01,2.976872863383377421e-01,2.976872863383377421e-01,2.976872863383377421e-01,2.976872863383377421e-01,2.958145093317465779e-01,2.958145093317465779e-01,2.958145093317465779e-01,2.816043653460074125e-01
6.820064046269218139e+00,6.067408276009729207e-01,6.067408276009729207e-01,6.067408276009729207e-01,6.067408276009729207e-01,4.866578143164215220e-01,4.472044517471847058e-01,3.426530273365067103e-01,3.426530273365067103e-01,3.426530273365067103e-01,3.225131007622348278e-01,2.822493930615515012e-01,2.822493930615515012e-01,2.822493930615515012e-01,2.822493930615515012e-01,2.822493930615515012e-01,2.822493930615515012e-01,2.822493930615515012e-01,2.822493930615515012e-01,2.822493930615515012e-01,2.822493930615515012e-01
6.930513410800511309e+00,1.195903456918605556e+00,1.108946935179476512e+00,5.106728966294706851e-01,3.851556503278938948e-01,3.851556503278938948e-01,3.545134375935887761e-01,3.545134375935887761e-01,3.040880722917922441e-01,3.040880722917922441e-01,3.040880722917922441e-01,3.040880722917922441e-01,3.040880722917922441e-01,3.040880722917922441e-01,3.040880722917922441e-01,3.040880722917922441e-01,3.040880722917922441e-01,2.892709522686960355e-01,2.889820214809564192e-01,2.803263831236524339e-01,2.747983379976250973e-01
3.710337408506838131e+00,1.040211026414914031e+00,1.040211026414914031e+00,9.728495127393390618e-01,5.672846457358318162e-01,5.672846457358318162e-01,5.275671175676812652e-01,5.275671175676812652e-01,5.042438069907753118e-01,5.042438069907753118e-01,5.042438069907753118e-01,3.569746443036301287e-01,3.569746443036301287e-01,3.569746443036301287e-01,3.569746443036301287e-01,3.316206190232904305e-01,3.316206190232904305e-01,3.316206190232904305e-01,3.294842345409261242e-01,3.294842345409261242e-01,3.294842345409261242e-01
4.227417930872292118e+00,1.195903456918605556e+00,1.108946935179472959e+00,7.579956582707918500e-01,6.915575091798622509e-01,6.915575091798622509e-01,6.754321693373750435e-01,5.893830399224242456e-01,5.893830399224242456e-01,5.893830399224242456e-01,5.893830399224242456e-01,5.893830399224242456e-01,5.893830399224242456e-01,5.893830399224242456e-01,5.893830399224242456e-01,5.893830399224242456e-01,4.263245155483730287e-01,4.263245155483730287e-01,4.263245155483730287e-01,4.263245155483730287e-01,4.263245155483730287e-01
2.601159702506597782e+00,2.416315460403435367e+00,1.629579094948374163e+00,1.629579094948374163e+00,8.689863196420581914e-01,5.931179222741462809e-01,5.889226123891528886e-01,5.506868918601313112e-01,2.638226970746178068e-01,2.638226970746178068e-01,2.605103223653149058e-01,2.600859735928402472e-01,2.600859735928402472e-01,2.600859735928402472e-01,2.600859735928402472e-01,2.600859735928402472e-01,2.600859735928402472e-01,2.600859735928402472e-01,2.600859735928402472e-01,2.280410373946484270e-01,2.280410373946484270e-01
4.062815830424773011e+00,1.195903456918605556e+00,1.195903456918605556e+00,1.108946935179476512e+00,1.108946935179476512e+00,4.953486513365170651e-01,3.682849654599849032e-01,3.343929495038633348e-01,3.343929495038633348e-01,3.343929495038633348e-01,3.343929495038633348e-01,3.343929495038633348e-01,3.343929495038633348e-01,3.343929495038633348e-01,3.343929495038633348e-01,3.343929495038633348e-01,3.343929495038633348e-01,3.217964053671984459e-01,3.217964053671984459e-01,3.217964053671984459e-01,3.217964053671984459e-01
3.669934793394029171e+00,1.195903456918605556e+00,1.195903456918605556e+00,1.195903456918605556e+00,1.195903456918605556e+00,1.195903456918605556e+00,1.195903456918605556e+00,1.195903456918605556e+00,1.195903456918605556e+00,1.195903456918605556e+00,1.195903456918605556e+00,1.195903456918605556e+00,1.195903456918605556e+00,1.195903456918605556e+00,1.195903456918605556e+00,1.195903456918605556e+00,1.195903456918605556e+00,1.195903456918605556e+00,1.195903456918605556e+00,1.195903456918605556e+00,1.195903456918605556e+00
